# Created by Octave 4.2.1, Mon May 07 19:19:44 2018 CEST <maciek@maciek-Lenovo-Y520-15IKBN>
# name: ovo
# type: matrix
# rows: 45
# columns: 83
 1 2 0.8770853280678893 4.663343232250027 -0.3632532540051378 1.595723886472232 0.4161678281210346 1.224773668207277 0.6589543691876654 -0.6624563941174672 0.6025922868703485 0.4009132979074048 -0.3763737349967302 -0.06287525088488805 0.5643610639113391 -1.421572259568044 0.7623094390889449 0.9862771529886809 0.25277166608263 -0.2411337534200065 -1.02607138889901 1.116741940189344 -0.1753677978145113 0.3694743452032084 0.1708104946083177 1.042656375499749 0.3263339136529007 0.1689903946245976 -0.3175975725731291 0.7069015407002097 -0.2268795261341946 -1.244930825767953 0.003349545105908938 -0.08449082287742339 -0.07388538941697612 0.1331675755708363 0.5041158908434134 -0.4340880040008594 -0.1398265011502038 -0.1718153460075592 0.1555857127662679 -0.1146515756057466 0.1476719843832978 -0.1501907611892288 0.006117813050381229 -0.8857215479934369 0.06738773786847645 0.03070533457635211 -0.3360053213510341 0.4981900404314797 0.02362315400403649 0.08282165536502073 0.3259312332381067 -0.2919469666745078 0.3214680614370222 -0.3050615621499079 0.3798241480433991 0.04899840074020893 0.09063169488899431 0.1628060309499658 0.2478818430019848 -0.2439526371280315 0.2164386948826535 0.5550167355212823 0.04106040627817709 0.2580162500166088 0.02926374108323855 -0.3718093188738851 0.4196311631264836 0.04956310431517318 -0.391721187456503 0.07853059094223039 -0.2713089257617721 0.1428960244761447 -0.14353560084573 0.3371357791955354 -0.2114988945137685 0.5145628137400416 0.3188707766489196 0.1403903185813074 -0.4468221118369803 0.1480992223200908 0.239941246416052
 1 3 -1.675205133879484 0.6598076386549621 -0.5341143272150052 0.166691269824855 0.5125592539182801 0.8451611589983113 -0.03497756980762114 0.1544457360251323 -0.1259023069302753 0.4276358797963997 -0.5935488346783273 -0.5745876502432047 -0.03608691714370685 0.2388014760989951 0.6113198476295548 0.5744972035718519 -0.06799271256059125 0.2274178161027264 -0.1516629305158496 0.4960306990337273 0.3353588620019756 0.2364451331428159 0.2276116353763483 0.3410850707936421 0.4851639533857864 0.2915386913622193 0.01402593322030822 0.3891610690570072 0.07653547447902383 -0.8419535067987975 0.2932899393392227 0.01682894117451039 0.128150111903129 0.2427039348515612 0.01020281501424741 -0.2644814148150879 0.2903758488225818 -0.09387016832988702 -0.2578358143409814 0.2325645715470801 0.240800693276645 0.5731218830387548 0.1896955977845236 -0.09854168909948591 0.3915601427215 0.05771681777992149 0.05005807742821492 0.6380453894746136 0.03148393751966689 -0.2920677161389181 0.01909008077524926 -0.2392081844506574 -0.1246637248067071 -0.1524642417315122 0.02636661966710157 0.3098508744555095 0.06393936303512943 -0.1933809997305928 0.1332725294902908 0.2656363296385862 0.1258928203471283 0.173598152102732 -0.1897702093093412 -0.07984700678705681 0.1266500461309694 -0.3654470767779406 0.3719185530400971 0.1199189683626691 -0.199265682438252 -0.02612031873425046 -0.06612452633781414 0.1639051334431654 0.01911539027651945 -0.3851851871153317 0.137084155550745 -0.06175998918972866 0.1161836386017254 -0.114518972479411 0.164077323242651 -0.629684367661648 -0.7408293721451668
 1 4 -1.530187084645736 1.425258272171779 -1.059788436149799 0.9788577273602393 0.119697492637349 1.033586428121314 0.2335193986762656 0.4293082524969004 -1.152017815723853 0.3904919671280183 0.05201873085619323 -0.7039849445365952 0.5385729330580273 -0.2904549172043512 0.8848008096541093 0.4509932960039308 1.104446146537497 0.9768569249675152 -1.00667641595981 0.7349487707292707 0.2719012535627832 0.5167127481218563 -0.1438727583199313 0.6989170137565782 0.07040538786795267 0.4593464429642046 0.1384434639293965 0.4575476243303908 0.05120104031113104 -0.7546894173705642 0.930474468630169 -0.02635079147449878 0.3961089857255108 0.4642489661792958 0.1415648037934587 -0.07931397574298689 -0.2539240878003758 -0.5278149631452583 -0.5075421381698626 0.2220830808648213 0.2228827250127833 1.416328549064089 -0.1769762960535877 -0.7937651993608851 0.5305857928352204 0.4504543337253009 0.0851940390897158 0.114339913942871 -0.4686895185764289 -0.0510895831867727 -0.2160886389996783 -0.6124490534452313 -0.002761683481141529 -0.7935862224268649 -0.06546976690727153 0.6902854922073816 -0.3567334870463872 -0.3744226015621446 0.3008887458962274 0.3172770669870025 -0.380619090631903 -0.4350983916609313 0.2424064998893206 -0.1653584528497208 0.129430760651034 -0.1673305288799525 0.4307213124256442 0.4795893941504832 0.2973770762035911 -0.6320209937287673 0.6753313475309591 -0.04224542302127778 -0.5431864700929993 0.03190184875660299 0.01705996424472939 0.8076570516778043 0.0934516121812559 0.1479691284944607 -0.2085865101945986 -0.2528362255291828 -0.76901106976269
 1 5 0.9661452617747264 3.107175439661914 3.426981703924206 -0.3032161181448346 2.778720446102593 3.210121901657994 -0.3538277979109353 -1.878114568867197 0.1789924805668243 0.5749388970345037 0.7258390592867391 -1.913409487611825 0.9851704695680047 0.2787750810743039 1.751131238334471 1.275310403799393 0.3953919486994134 0.768696666156257 -0.8690393724659594 1.280208246863466 -0.3353594302730212 -0.7022557964770996 -0.867901626962595 0.3015810758847163 0.4298747811508337 0.8005893654378281 -0.3557623843748083 0.05014706524498682 -0.7071604525746463 -1.800057413566133 0.9607528418468206 -0.06844252289901674 0.05587634987623018 -0.35177998789409 0.5547526499780138 -0.1350048804574855 -0.002000109031109025 -0.6306408776505297 -0.8143119167769001 -0.9660098543702079 1.048093855731542 0.4700588367954643 -0.02167434586659738 -0.4776440426149926 0.2332856335906045 0.5254039807186912 0.420794264309658 -0.1693146112049735 0.429388859395125 -0.354294338164492 0.5172807691836532 0.1729492547557902 -0.02153686821870836 -0.3476125386670733 -0.26761519644766 0.1721803942809823 -0.5461752276966761 0.1478446054104531 0.7102736593261856 -0.1365684114585873 -0.05729735656704647 -0.5878260792232741 -0.3750409338648623 0.5824509852188591 -0.03570134325932853 -0.357606666565832 0.1506808282268922 -0.1081616819290367 0.2607927551401026 -0.2337881004478118 0.5388963263556654 -0.05354212998102319 -0.1893141781343767 -0.02329693285934827 -0.1581635138875536 -0.1486965264579906 -0.4794571702510981 0.3755658041767781 0.006462605891143026 -0.07496126403483225 -0.05806723829174296
